Ascending_order

Selection_sort  0,0000000   0,0080328   0,0079668   0,0560019   0,2281592   0,9722672   3,8566432   13,8069983   54,6421559  
Insertion_sort  0,0000000   0,0000000   0,0000000   0,0000000   0,0000000   0,0000000   0,0080009   0,0000000   0,0079994  
Merge_sort  0,0000000   0,0000000   0,0080004   0,0000000   0,0079994   0,0240026   0,0480049   0,0880253   0,1920030  
Shell_sort  0,0000000   0,0000000   0,0000000   0,0079648   0,0000000   0,0080321   0,0159669   0,0320027   0,0640306  

Selection_sort  8255   32895   131327   524799   2098175   8390655   33558527   134225919   536887295  
Insertion_sort  127   255   511   1023   2047   4095   8191   16383   32767  
Merge_sort  3584   8192   18432   40960   90112   196608   425984   917504   1966080  
Shell_sort  461   1101   2529   5601   12700   27852   60620   132699   283399  

Descending_order

Selection_sort  0,0000000   0,0079675   0,0160370   0,0559628   0,2240360   0,8843272   3,5170476   13,9802969   57,4205258  
Insertion_sort  0,0000000   0,0079994   0,0239995   0,1040003   0,3802993   1,5519979   6,2733881   25,4887578   101,4962039  
Merge_sort  0,0000000   0,0000000   0,0000000   0,0080013   0,0080264   0,0239727   0,0480030   0,0959980   0,1840341  
Shell_sort  0,0079651   0,0000000   0,0000000   0,0080025   0,0079997   0,0079987   0,0240276   0,0559740   0,1039979  

Selection_sort  8255   32895   131327   524799   2098175   8390655   33558527   134225919   536887295  
Insertion_sort  8255   32895   131327   524799   2098175   8390655   33558527   134225919   536887295  
Merge_sort  3584   8192   18432   40960   90112   196608   425984   917504   1966080  
Shell_sort  859   2077   4319   10031   22112   44704   95824   245411   492055  


Random_values

Selection_sort  0,0009973   0,0037900   0,0149602   0,0616419   0,2445457   1,0412067   3,7078247   15,7167270   62,7622670  
Insertion_sort  0,0005981   0,0029920   0,0137623   0,0506706   0,2449445   0,8965979   4,6137306   15,2386578   60,9824844  
Merge_sort  0,0002053   0,0009982   0,0021996   0,0045874   0,0103786   0,0209445   0,0448796   0,0969344   0,2088472  
Shell_sort  0,0000000   0,0003992   0,0015934   0,0029982   0,0075738   0,0175525   0,0404915   0,0933444   0,2263944  

Selection_sort  8255   32895   131327   524799   2098175   8390655   33558527   134225919   536887295  
Insertion_sort  4232   16905   65963   262001   1032168   4204213   16738064   67258708   267769091  
Merge_sort  3584   8192   18432   40960   90112   196608   425984   917504   1966080  
Shell_sort  1021   2522   6295   14749   33942   82088   187046   431226   1033791  

Only_1_2_3

Selection_sort  0,0009966   0,0033244   0,0142941   0,0595286   0,2270589   0,8866382   3,7336235   14,1532815   61,5664547  
Insertion_sort  0,0006647   0,0019947   0,0083110   0,0329128   0,1329766   0,5262712   2,1509221   8,8823237   34,5988295  
Merge_sort  0,0003417   0,0009974   0,0009979   0,0039877   0,0089850   0,0196148   0,0415554   0,0890954   0,1924818  
Shell_sort  0,0000000   0,0006638   0,0003323   0,0009979   0,0033251   0,0069818   0,0146272   0,0329120   0,0698174  

Selection_sort  8255   32895   131327   524799   2098175   8390655   33558527   134225919   536887295  
Insertion_sort  2818   11390   43098   176661   704739   2778527   11169412   44667485   179376466  
Merge_sort  3584   8192   18432   40960   90112   196608   425984   917504   1966080  
Shell_sort  604   1450   3207   7020   15606   33606   72557   157214   332673  

